The system A= 
25.0 5.0 1.0 
64.0 8.0 1.0 
144.0 12.0 1.0 
---------------
LU= 
144.0 12.0 1.0 
0.1736111 2.9166667 0.8263889 
0.44444445 0.91428566 -0.19999993 
==========================================
B | Z | X
106.8 | 279.2 | 0.2904766
177.2 | 58.32778 | 19.69047
279.2 | -0.21714783 | 1.0857395
------------------------
B | Z | X
106.8 | 29.2 | -8.638097
177.2 | 101.73056 | 135.76193
29.2 | 71.211426 | -356.05725
------------------------
B | Z | X
106.8 | 27.2 | -8.709526
177.2 | 102.07778 | 136.6905
27.2 | 71.78285 | -358.9144
------------------------
